907935453956861952
891592923669700608
912839657032900609
960812484981501952
828579489084870656
998913149657989125
995183566009987072
797439947313553409
771325870153740288
996401104039522309
791889813557288961
989766638789541890
901283024863494145
979981820597960706
881900096496861186
977652854679916554
704866365644079106
822596633691095042
917357792410861570
1898446867
610323
578287640
3078068250
42831899
68993538
571011102
274374686
38600736
731894156939952134
30226467
2984288298
623786027
43692080
583811125
442073149
52734016
4358754374
766724168
890120856894046208
15982668
101398605
272924750
3319320655
4310257762
1330942051
304590949
157145190
2232635503
1223559290
4802699390
912442692394672128
944371403536588800
810905921996132352
832755921377824768
766222236927856640
916945263893155840
930963583256498176
771749840766111745
947525397704347649
701685035900866561
736872738942423040
4684759172
827497687385640962
909421985414778882
11417742
780252197003137028
2885220510
2168821920
702709921
361549985
1581645991
73603242
1645045933
316846254
2606153910
570151096
2257957050
2715992263
76914890
3102451915
748455460391399425
155805901
3852761294
18458830
1903718606
617593043
157827287
912466135
111433945
5533912
18419929
124678364
955078879
3364327647
2776504548
297855207
308226281
16212204
18364654
2149294322
35203319
755190012
117205245
929583282051866624
21537022
775033807682412544
713907522718015488
758676528817315840
911472526030544896
282745091
853075568937410561
946433613146365953
702833626430513153
884553998115545089
785836003474939905
921985189680521218
3182508300
4321541
96262414
776552986822647809
3122798865
564173073
2978226454
43921687
793858328
2756004123
1036802335
18536738
59463974
704956711
11704622
2539972910
250978607
593570097
87449906
874903321894629376
922353802077974528
4065241395
1665898806
246939962
65794363
189552957
1864495423
122030401
19827010
189788485
60264773
21793095
536992077
351658318
246298960
1680212306
3101610324
4441198932
215275863
21320029
753596199857426432
2841583970
14762341
142297445
170258795
1311275376
289212784
849639055734321152
872060308872998912
596439411
42514805
3723641
547783034
2267109757
982507666181206016
960666011169992704
713209335472467968
932078677516365824
957713555133902848
968282378060705793
976978939737354240
972498064026972160
971568605480366080
719145814497439745
911966434804117505
961160295702933505
106291597
749094970317877249
702485574137950210
826357679589306370
1262427781
2901604754
14889358
727731756019888131
896707508277882884
25260440
740068010283520000
740502161100918784
2345111966
495335838
307247523
394785188
200313251
2574895536
29432246
4626893239
399307197
1243437506
3309175242
2800056781
47700437
2707958229
182012376
91267548
2742667745
14707170
112472551
3427797489
177525234
58292727
17228282
3407450621
958342585793134592
979287176658567168
870672701584588800
983401876115701760
973048993079902208
982784763659304961
972303283996868608
847341861807079424
960899203995025408
803219031545167872
949928504438636546
952855611397455873
974623336314519553
895709134347059201
961518106479706113
113578508
877845759894233088
273312266
941038547678535680
908860692433739776
885896141115498496
449497624
4338635293
289051166
260481568
4676325920
850272805
779681325531799553
119708207
94964272
89143867
4243948094
42893889
47854147
797700490192560128
705255695092883456
4154252906
215988823
873233558680326144
949442167281504256
917738862784499712
831131998949429248
822274368730517504
253637216
19823203
4609143398
702890599
137292392
2423214704
35533425
451859057
1598351988
194099833
171025019
408836732
2343391867
32987772
290253439
116880000
720730479083671552
184375938
726578561595756544
15170178
459072132
2585895558
207600263
855024676048949248
805126420380995584
19765897
789044057850859522
815265799002869762
538280589
23435918
855794437619929090
68921995
14070410
724553576069079040
713988790109360132
17210009
960173718873001990
3000201888
4374487719
280961704
106670761
42642090
1378529959
724553742134157313
1538733313
66708144
273829898
380215988
4820804277
3175953078
5812922
3808182972
22282942
579340991
3309464256
1442941632
3100230334
2912383686
1567259335
18111180
722113765882404864
3391414992
875211474
542386900
4148984534
623905499
1478947549
105857766
3178210026
169421552
22862582
3241073398
375857912
11328252
706290684177702912
738389875657826304
905364384918102016
756145430229049344
704232542480654336
777435871654141952
868829331220422656
912670508759474176
827862698788478977
748089885983006720
405871371
885943780070875137
190194459
254698269
3289899807
2872359713
3236324132
124021547
252887860
838612792831688704
883065655
80741176
130341688
3376769853
18983748
2547540805
4406451015
119272264
262955852
67257166
22582095
861909801554595840
2429268818
917924696
105998341
803053692366811137
52665471
59451907
6108002
38978404
2865091429
1018628965
4114725736
2931829618
14892316
914043589910446080
960163676228534272
963944687903031296
906026626156183552
908883053170245632
914642492825387008
900279164
21029757
4895488894
121738109
183139200
751585412666126336
771731449229766656
4831949698
786103470122233856
901400102773944320
972535406465085441
90649479
933027817322934273
920919135336493057
146418567
7439242
970331000885702658
555010951
240161678
4651287439
552805262
396815240
484379538
2950677387
873790356
851836268468203524
3190279062
2999423893
2604704659
4813962134
749806636319928325
274037659
1288436635
24204193
1538571169
231353251
92070819
620895140
70871976
757377886147874816
2559593394
702734182921863168
1226472380
101809088
2692117441
399352774
4656309192
52069321
178193360
722592726
224443352
126897112
101927913
117294057
588104684
337703917
12182512
447435763
2257656823
481684476
890844439442325504
73825282
523715585
801422900356153345
743159626422583297
849618426238828545
1446413323
3046669327
818483631295463427
1009144850
1136759828
95274013
39306271
23424037
729819781407346688
954457179368624128
949717934242435072
3865941035
2393977898
734735999029383168
414878767
4327674928
2428869684
3865873463
256697403
9878592
228231169
813427784
2724078666
952144488574615552
525452364
228596812
185744464
4513442896
11504722
112159824
4551761
43570256
70802518
20526166
861950124972400640
2765450336
226634849
95083618
490110051
6372452
947510688796348416
957608002084900864
874258695118622720
938743097487495168
881834046199926784
914657193919746048
914649838209437696
18539631
1512789103
464155775
14828671
908469359579926528
181681281
142777471
954814757965565952
2350369921
973219706009194497
738899518746300416
884556404920651777
17210499
819425813682491392
902890024437518337
819872701204434945
910622782450315264
4576064659
892732157294030848
753521591212847104
3064233110
1689545880
3726491
3414373531
18603165
277343390
105530526
254860443
399559841
1129997474
58559649
724553803236794368
107234469
3317419176
321225901
2274706614
3149630647
133924022
395185339
17106107
77731013
15297734
1493021899
3120067848
960385239519408128
3085987028
2592349399
102130905
192077018
17884379
844512813150191616
191778015
911813856
265417953
69817570
556788964
3052496101
16465126
1219773673
18939115
222403826
80413939
118064375
316052728
3307427066
191014140
3688660222
732621681601060864
820952929091756032
878139943658299392
879965741491003392
732318961203716096
755732095725469696
900610923299184640
759290891596988416
701013897755492352
803725473700118528
761291581919854592
883468398121820161
895985855919136769
2358310153
900585457649451008
843291682393137155
2582205704
832010606861496320
98598162
2479516946
457487637
842341672025432069
2597016860
43891997
4610895134
857477214639489025
887160595111215105
777319354387922945
61068578
119291171
898397106494242817
105526560
136856874
2201443627
1081460012
1923085628
178179388
2960475458
927857452481052672
839055144733966336
983419729917313024
325346633
2686735688
490771787
954099305014427648
1393816909
935475761007362048
946269497958137856
3472584021
421840214
15738200
932752673249509376
253654366
949227010659778561
736045187416260609
967058290587795457
2365160321
334611814
102624615
630445416
156568938
272149867
734897514
2334741871
2312625519
18584943
769533300
384877941
5780852
116872564
127278459
3107616128
844140864616116224
842771574465867776
981850686840287232
2916384132
751226775322013696
976874270868549633
968652903366963201
4046943624
783544711143358464
917744835158736896
948914991272427520
706733151867940865
785829511992487937
938024795492450304
833475632176693248
870612293259866114
388791178
108000658
108666264
18597273
940349395907817477
3453334937
271877532
105670051
3253804451
3229066662
62238122
365809066
49010090
18867631
25830833
2179753394
1711916467
222356916
53323187
3020025270
565276082
2250493369
984419412252872704
109970875
58684860
870361721751261184
952406499367636992
874520453154394112
2289618368
313753028
441910725
840176092581396480
819994307620962304
765246770498633728
92597709
3537079759
3427298771
4645187028
937724973132627968
113591774
102565346
377314792
1632558570
2876681707
5639662
311252463
1706829296
123565562
890774712183279616
262716925
379481597
989880842309648384
990071942181863424
955831606312288256
947926335422316544
963943413124022272
924880120413798401
858840348612673537
897276970739810305
877406878749278208
2226695690
729735435770052609
889845976621498370
946379577940623361
57859591
108852753
2204999186
417969685
2501422615
63643161
913136246771269637
232484378
60284451
213802532
22844290
57232939
816436568869085184
1886223925
27625014
970667657153400832
962763005904736256
953570156244029440
916684172030300160
1267217982
913493434580783104
85767744
3182348288
918973839786299392
2541626947
364260934
1489991239
278666824
95442509
264623696
21859920
2570772054
12672602
285726305
1344736866
122805866
4349767275
135515756
62793325
896740974
922367303630561280
920569861008367616
949169102978916352
901692405899960320
896287543594950656
914659852785393664
232351349
91975286
936051120329445376
383112827
4321932927
229910143
882452731415351296
988242268833239040
987969734518820864
862499032266035200
150613635
980172957933817857
871356205632901121
986102282931654657
910659096638050305
953304969997963265
84051589
872791589189373953
966325090584416257
948894843824033793
957617579081781249
3051931272
486899842
191790729
914723150121914369
181489301
56256151
919673770205433861
2724099740
183092894
163427998
814045403809083392
875871906
921788191325151232
2383050408
67495594
2277007022
2594645684
2610396853
158647989
2349076153
35462842
86355649
1307356866
88876740
130795139
1223468744
956741323
19711691
2499104467
2271549140
437958366
828661472
269203170
395153122
8062702
2910889711
2699190002
172259061
29722358
244346620
976092504113143808
921163225709862912
975069708419588096
970518986910720000
634050307
944267554964561921
965315528205262849
716939897387540480
951044940510978048
163819268
842365438486962178
6741772
925993721371549697
923402198255525889
3609052939
4266628881
27387668
814751158501654528
820593304051924992
952577716812791808
808317433618382848
946308794656677893
915842085445451776
394538786
829961096903684096
781979393879076864
8816422
32354087
1325831976
457783081
532305706
579465003
3276611372
398401332
4005437060
3527741237
555269943
2396153667
2839781187
22189895
4270606152
3240296269
915835518138556417
92540754
120778578
988206931
139056978
984269132303515648
973706801806917632
2937835352
933645154400944128
972245631178719232
968141016975884288
959943100389998592
4549330773
40867678
264603486
389982045
4460652384
957367944698359808
849539199980236800
2889762660
185210723
925452607774224384
941947331125145600
3668731752
1126528878
951415941623005185
83816307
290537332
268557952
758415222
938958709
109119354
4925147006
2801598336
943681736218570752
965762671604723712
35698562
938402825201053696
988271714151755776
956899399442952192
946093766300987392
944931108596019200
790535532124237824
481376138
939840254214729730
2847907969
788850565614669824
112115598
68204430
538926991
13143952
388285310
936227265616080899
90363790
6483972
17020824
871947522868101120
92764064
538724256
2396311465
20414380
185989039
344752052
249716670
72093632
1587855300
156370885
82913223
838784792871174144
1365971
397387732
2704668637
28047329
3256301538
6051812
84159616
3342600166
544423911
130770922
6287342
3988815858
148217846
4394328054
288862202
1121978366
