954814757965565952
901400102773944320
775895273604284416
842365438486962178
948085664167239680
856446453157376003
789421780817604608
944267554964561921
921398333003980800
806768115388321792
751434987648520193
5225991
410605574
775449094739197953
3305325070
996871
43919376
248965136
20729866
44471310
3219229201
289051166
2978637351
95703081
801939498
2249590315
44196397
414878767
6034992
43692080
376830513
284437556
99008565
2428869684
4037926455
918973839786299392
861909801554595840
239920188
2541954109
85988415
103021125
2924669003
526068812
264623696
21859920
216583762
41543252
435868764
7794782
226634849
130502754
1344736866
2312333412
804948578
465618018
2982788201
122805866
191068269
16186995
295507571
23705718
970871
33838201
3327351423
268557952
116880000
486899842
740238495952736256
1205442180
130084480
14372486
186747527
2847907969
890774712183279616
843831481084628992
68921995
337419400
191790729
200293513
30527632
84547217
106109075
736798557861072900
263852695
691353
2314443930
1603439773
163427998
18371743
497983649
370806434
702709921
419051172
11766442
93957809
3449754803
380215988
27563705
2450706618
570369724
14702268
1428909246
14130366
1442941632
84608705
1307356866
4439862976
79653056
77731013
37254334
553729228
155805901
76608720
133351633
90437330
468230867
722
2319245521
15460048
16127193
444803803
733143259
18997981
600933085
65360095
1712134879
3857121
395153122
86806243
14097633
3052496101
26866407
286106104
189488360
16688873
2981968107
115944686
19987185
8381682
45040370
28807412
93986038
118064375
11328252
21537022
742143
2261644544
950978303531278336
136451330
24726273
933712875675295744
2412888325
1538733313
233359622
786528162452676608
891077171673931776
885943780070875137
77934348
18994444
2962817295
95889167
59962128
828301184368783360
4783690002
865243813597421572
364547862
83814679
2540794650
3343131
136668956
7444252
21036318
3308273951
14892316
2709735710
134518565
173155110
1531496234
3412325675
12724012
290468652
1492396844
250978607
2507858947
3467583793
579465003
3276611372
2432744244
398401332
2791245626
65794363
322601789
1525752132
873936709
104136704
84290887
496039241
4398626122
490771787
14450509
2540984156
389982045
25311070
240439135
508668256
3305607009
701625454915026945
14672739
2215461732
3836261
146684775
630445416
355472745
324971370
50722668
114638705
201711986
55632244
116540277
2151374196
5780852
90111355
36174207
20656512
2984342911
275426178
23462787
892732157294030848
814045403809083392
911297187664949248
90649479
396815240
21457289
155814794
2973680009
2950677387
803053692366811137
727731756019888131
44634001
5092241
585573268
2999423893
4887254423
3149360024
114084249
53466522
138840988
14860701
538724256
231353251
620895140
1376401838
2895499182
246493616
1520561
565276082
2179753394
49956788
3577781
840618056678293504
20320183
13982132
3697013177
2791321022
3334300094
1168267518
101809088
90664386
17462723
3432870852
2850482629
130353103
355634640
3427298771
1365971
182012376
3097378266
91267548
1038301
113591774
3235342814
5405152
468122115
14707170
68746721
29469671
596667881
2358540265
16674284
379400685
12182512
1393490419
90787316
2358580725
4484386293
447435763
368216568
481684476
379481597
